1. Liverpool - Aston Villa | 53 21 26
2. Tottenham - Man City | 30 25 45
3. Burnley - Newcastle | 35 28 37
4. Arsenal - Chelsea | 45 27 28
5. Brighton - Wolves | 42 29 29
6. Everton - Southampton | 48 26 26
7. Crystal Palace - Fulham | 38 28 34
8. Leicester - Leeds | 40 30 30
9. Nottingham - Bournemouth | 37 29 34
10. West Ham - Brentford | 39 28 33
11. Man United - Luton | 70 18 12
12. Aston Villa - Sheffield United | 55 25 20
13. Liverpool - Tottenham | 58 23 19
